epoch,binary_acc_ch0,binary_crossentropy,dice_coef_rounded_ch0,dice_coef_rounded_ch1,loss,mean_iou_ch0,val_binary_acc_ch0,val_binary_crossentropy,val_dice_coef_rounded_ch0,val_dice_coef_rounded_ch1,val_loss,val_mean_iou_ch0
0,0.964070899576387,0.0856961426051224,0.0007372583024655743,0.01953206213612943,0.448917154880131,0.4584454438265632,0.9825912229716778,0.07272231159731746,8.736726704228204e-05,0.6769790537655354,0.3457944169640541,0.49300810135900974
1,0.9924701171762803,0.04497690871357918,0.00029190941088874005,0.5798914336106357,0.3546847438111025,0.4940258658984128,0.9823750592768192,0.10362589964643121,8.657337684780941e-05,0.4177189953625202,0.3857898712158203,0.4947520885616541
2,0.9879285570453195,0.04395845061277642,0.38273859367986646,0.7056721501490649,0.2972556948661804,0.4985056747408474,0.9865423105657101,0.08642897428944707,0.6748161464929581,0.7146540246903896,0.20614332985132933,0.5338158793747425
3,0.988038173493217,0.050969989805975384,0.46645074633552747,0.6901008179959129,0.26182757318019867,0.5678213554270127,0.9850316010415554,0.08645100053399801,0.5277778245508671,0.7113310471177101,0.24982240982353687,0.5765282064676285
4,0.9895983583786908,0.053495615200303936,0.4841190370566705,0.7501807773814482,0.2386391035774175,0.5857835166594562,0.9874231815338135,0.08681826526299119,0.5467708297073841,0.7415119856595993,0.24417255632579327,0.5914109908044338
5,0.9914746740285088,0.042015041142482966,0.549497526796425,0.7838069884216085,0.2094856432693846,0.5974609203198377,0.9882017485797405,0.07141861785203218,0.5854824706912041,0.8267680332064629,0.19924843311309814,0.6036490313708782
6,0.9919013871866114,0.03971835088861339,0.5791177429697093,0.7980817065519445,0.1942811792387682,0.6099047906258527,0.9873421788215637,0.07793137710541487,0.643030934035778,0.7796591222286224,0.1948409117758274,0.6165398210287094
7,0.9932681830490336,0.03795194568331627,0.5939869530060712,0.819999601911096,0.18479155025937977,0.6242308879599852,0.9884897843003273,0.10434811096638441,0.6542940698564053,0.7780284881591797,0.2066565277054906,0.6290209405124187
8,0.9923577080754673,0.03991868831765126,0.6102398283341351,0.8159861143897561,0.1816032180453048,0.6347043303882375,0.9896212890744209,0.07015100354328752,0.6585092507302761,0.8070497028529644,0.18117943964898586,0.638745304197073
9,0.9946620183832505,0.027510889751069686,0.6732062320498859,0.842493804062114,0.1505529547438902,0.6432904618627885,0.9879814349114895,0.09399293316528201,0.5004788599908352,0.7993537113070488,0.23845993727445602,0.6452193595468998
10,0.9945249715272118,0.03004047553986311,0.702367389903349,0.8561536441831028,0.1397311084848993,0.647157923263662,0.9888936690986156,0.07958794385194778,0.5505233183503151,0.8261686116456985,0.21392870508134365,0.64920499548316
11,0.9954587536699632,0.02096153875155484,0.7746891589725718,0.8784646514584037,0.10925422652679331,0.6517115200267118,0.9892157167196274,0.07822152134031057,0.5750042609870434,0.8339568823575974,0.2017379468306899,0.654385469853878
12,0.9960261530735913,0.02053228031624766,0.7892296384362614,0.8782392670126522,0.10416134556426722,0.6570873225436491,0.9903492853045464,0.08100354671478271,0.6386170201003551,0.8514181338250637,0.18069913517683744,0.6597895883023739
13,0.9953229006598977,0.025687389787943923,0.7729667372563306,0.8774258722277248,0.11134921978501712,0.662980705499649,0.9920054413378239,0.07398580573499203,0.724737387150526,0.840380135923624,0.15455298498272896,0.6663394123315811
14,0.9951856627183802,0.02979631979456719,0.7702051769284641,0.8554661379140966,0.11851393212290372,0.6701033010202295,0.9910430014133453,0.06872778525575995,0.664735421538353,0.8179528005421162,0.17459903750568628,0.6724568605422974
15,0.9962636933607214,0.019743202445919022,0.8043232156949884,0.8850080668926239,0.09783716565545868,0.6750942416050855,0.990875992923975,0.08394283521920443,0.6584920324385166,0.8288064934313297,0.18000063113868237,0.6771030128002167
16,0.995934223427492,0.02153819804901586,0.8245331697604236,0.8894072525641498,0.09124584167319186,0.6796651938382317,0.9921878725290298,0.08165709488093853,0.720663283020258,0.8272963799536228,0.16141343116760254,0.6823465712368488
17,0.9963268970741945,0.019281832775210634,0.8406863142462337,0.8847807137405171,0.0864475836210391,0.6853409111499786,0.9935059696435928,0.06289481115527451,0.7882277369499207,0.8480568453669548,0.1276670047082007,0.6883747763931751
18,0.9963187382501715,0.019011344021076664,0.832157610093846,0.8913967697059407,0.08741273665252854,0.691872626543045,0.993686068803072,0.05556521750986576,0.788740873336792,0.8591219708323479,0.12178394757211208,0.6945364475250244
19,0.9962791151860181,0.01804775098229156,0.8481488368090462,0.9005698719445396,0.07995078942793257,0.6978208860930275,0.993522934615612,0.06634862720966339,0.7803210876882076,0.8542873188853264,0.12983142584562302,0.7003824524581432
20,0.9964480803293341,0.01717790901003515,0.8580257769893197,0.9015663090874168,0.07647076709305539,0.7031587011673871,0.9939209669828415,0.05908940127119422,0.7999777905642986,0.8498867191374302,0.12167759612202644,0.7055970467627048
21,0.9964776021592757,0.0179633669938673,0.8549495567293728,0.9017533274257884,0.0777228260960649,0.7083104813800138,0.9932330995798111,0.07976754708215594,0.7667373567819595,0.8332445174455643,0.1447964310646057,0.7103309258818626
22,0.9962887763977051,0.017012488562613726,0.8399845870102153,0.9064318152034984,0.0808095839970252,0.7125587638686685,0.9942553602159023,0.07506979443132877,0.8121476881206036,0.8361066021025181,0.12811359018087387,0.7147576212882996
23,0.9966486534651589,0.01579394350376199,0.8572351914994857,0.9118775953264797,0.0736699347548625,0.7172513376264011,0.9928867742419243,0.0686042895540595,0.7546683214604855,0.8568767495453358,0.1381754083558917,0.7188642732799053
24,0.9963742389398462,0.017748241805854964,0.8541436370681313,0.9027732365271625,0.07779019139707088,0.7206924294724184,0.9947001151740551,0.07274900190532207,0.8284716233611107,0.8370049744844437,0.12228548899292946,0.7228410802781582
25,0.9966829156174379,0.015098891179899083,0.8656623451148763,0.9155126757481519,0.07042393417042844,0.7252008406554952,0.9937674403190613,0.06019663787446916,0.7927111387252808,0.852076169103384,0.12358286837115884,0.7268448173999786
26,0.9965985206996694,0.016238997389069375,0.8606251092518077,0.9056102668537813,0.07452397322391763,0.7286731004714966,0.9947548434138298,0.05293587828055024,0.8337431661784649,0.864860437810421,0.10503314342349768,0.7304738238453865
27,0.9964256093782538,0.016458499998621205,0.8550465019310222,0.9142315668218276,0.07426027471528333,0.7325996739022872,0.9936949163675308,0.0788395032286644,0.7834295742213726,0.8398367948830128,0.1379846530035138,0.733950100839138
28,0.9965747612364152,0.018167056581553293,0.8565215433345121,0.8961580255452324,0.07863734147566206,0.7355861488510581,0.9941755719482899,0.06017117016017437,0.8063148073852062,0.8529313541948795,0.11928188893944025,0.7370174936950207
29,0.9966361487613005,0.014277714866158716,0.879302541999256,0.9231941840227913,0.0645873683559544,0.7387356775648454,0.9949282370507717,0.05557050718925893,0.8396315388381481,0.858866885304451,0.10566360224038363,0.7403320334851742
30,0.9965557491078096,0.014984963954809834,0.8589676601045272,0.9197010801118963,0.07119359963518732,0.7422027482705957,0.9950846880674362,0.060987573117017746,0.8618842549622059,0.848859865218401,0.1039311527274549,0.7439430765807629
31,0.9964994963477639,0.017046487369738957,0.8616247159593245,0.905995801967733,0.07459286315476193,0.7459448313011843,0.9944238513708115,0.052065788535401225,0.8342361152172089,0.857935942709446,0.10598838003352284,0.7473207488656044
32,0.9963592571370742,0.016367125352296757,0.87923723283936,0.912263975423925,0.06774903494207297,0.7491987400195178,0.995201300829649,0.0684172953478992,0.8522048108279705,0.8426371067762375,0.11162474052980542,0.7507060505449772
33,0.9968046300551471,0.01516707566128496,0.8664997412877924,0.922603949027903,0.06904054345453486,0.7523558525478139,0.9951591081917286,0.05981191527098417,0.8495800755918026,0.8610416725277901,0.10449757473543286,0.7535740025341511
34,0.9967564028852126,0.01245605166289298,0.8859172533540165,0.9316128790378571,0.05986979406546144,0.7551484651425305,0.9948759637773037,0.05847067735157907,0.836354061961174,0.8669712506234646,0.1062964117154479,0.7563849091529846
35,0.99677772732342,0.012519750346922699,0.8778628514093512,0.9357217357439154,0.061363461263039536,0.757854559842278,0.9939056225121021,0.060484179528430104,0.7953940071165562,0.8702271990478039,0.11881896713748574,0.7587077654898167
36,0.9964444935321808,0.01563490924480207,0.8740368818535524,0.9243483490803662,0.0665456284494961,0.7597838535028345,0.9944490976631641,0.06269571534357965,0.8381546325981617,0.8449154086410999,0.11275567719712853,0.7609949968755245
37,0.9969767034053802,0.01165646655649385,0.8839193214388454,0.9306498432860655,0.05991864796070492,0.7624286062577191,0.9949781559407711,0.0607473433483392,0.8386866040527821,0.8615670055150986,0.10782558238133788,0.7634087800979614
38,0.9965298210873323,0.013435494099908015,0.8907538406989154,0.9320311774225796,0.058579692726626116,0.7647287828080794,0.9955286085605621,0.07062830869108438,0.8638658225536346,0.8523497432470322,0.10714294807985425,0.7659858278930187
39,0.9969336162595188,0.01157058693249436,0.8761037272565505,0.938233336981605,0.06082582495668355,0.7673286813146928,0.9944471195340157,0.06195526663213968,0.8213503696024418,0.8635754287242889,0.11324138147756457,0.7681028246879578
40,0.9967363231322345,0.0123173167983837,0.8857191345270943,0.9344992304549498,0.059147759833756614,0.7691421456196729,0.9947959929704666,0.059721645433455706,0.8378668166697025,0.8613610304892063,0.10778191918507218,0.7700521275401115
41,0.9968190298360937,0.011585690670044106,0.8942430247278774,0.9390880044768838,0.05523529988439644,0.7711856277549968,0.9941404387354851,0.06260863202624023,0.8043458350002766,0.8694390840828419,0.11734471935778856,0.7719394154846668
42,0.9970268747385811,0.01098307643962257,0.8937490109135123,0.9415153194876278,0.054996443912386894,0.7727986118372749,0.9953046254813671,0.05858429707586765,0.8539623282849789,0.8707564994692802,0.10047204699367285,0.7736481092870235
43,0.9966154957518858,0.012936659006621032,0.8871617264607373,0.9297216183999005,0.06003035626867238,0.7748398062060861,0.9953278936445713,0.05890333512797952,0.8559149131178856,0.8602224625647068,0.10218906542286277,0.7757374048233032
44,0.9967015736243304,0.014661719776032603,0.8893810019773596,0.9205872837234946,0.06227866461610093,0.7768570307423087,0.9945382960140705,0.07439554575830698,0.8251890353858471,0.8392572179436684,0.12306403275579214,0.7775809988379478
45,0.9969030741383048,0.011179429478943348,0.8969729893347796,0.9376255010857302,0.05493907575659892,0.7784181955982657,0.9945256672799587,0.06614859029650688,0.8194753639400005,0.860703594982624,0.11604482308030128,0.7790895774960518
46,0.9969352553872501,0.012425977421705337,0.874385251718409,0.9394447295104756,0.06133071618045077,0.7798347508206087,0.9942134320735931,0.07562069036066532,0.80797204002738,0.8588961884379387,0.1252001435495913,0.7802949137985706
47,0.9966684597380021,0.012879427070455515,0.890421590384315,0.9304204705883475,0.05912718374062987,0.7810965495951036,0.9958329237997532,0.055624463595449924,0.873212918639183,0.8631954975426197,0.094743930734694,0.7819660864770412
48,0.9968273692271289,0.011253354687462835,0.8908624876947964,0.9402455599868998,0.05580871146829689,0.7829988037838655,0.9951824657619,0.07134345499798656,0.8532099537551403,0.8478826954960823,0.11190999066457152,0.7837229855358601
49,0.996775243212195,0.012766093645683107,0.8771806762498968,0.9300530605456409,0.06279368205543827,0.7846416568054873,0.9940063990652561,0.06812123954296112,0.8023038990795612,0.8679577559232712,0.12105608126148582,0.7850817628204823
50,0.9967014894765966,0.01114532696631025,0.8889080636641559,0.9441048169837278,0.05555589924402097,0.7857133115039152,0.9946505688130856,0.0690110051073134,0.8247646391391754,0.8596745543181896,0.11645753867924213,0.7862170226871967
51,0.9969192953670726,0.010308507747729035,0.9045270208050223,0.9472217963022345,0.04984711724169114,0.7870032261399662,0.9946143999695778,0.07215591752901673,0.8148898705840111,0.8506388403475285,0.12260478315874934,0.7875720374286175
52,0.9967267039944144,0.011511917212320602,0.8917274790651658,0.9396813862464007,0.056067581233732844,0.788180395084269,0.994825005531311,0.05904521280899644,0.8338567651808262,0.8710399605333805,0.10666897753253579,0.7887249514460564
53,0.9969803708441117,0.010137897423085044,0.8871071250999675,0.9461230355150559,0.05522217733018538,0.7894326518563664,0.9947011396288872,0.06800371268764138,0.8212517313659191,0.8600224889814854,0.11687664221972227,0.7899203710258007
54,0.9968900890911326,0.01011491090278415,0.8897166725467233,0.9485329827841591,0.05394829185131718,0.7905112101751215,0.9948685318231583,0.06399805610999465,0.8360966220498085,0.8691288568079472,0.10848713712766767,0.7910495959222317
55,0.9969984608538011,0.009756346356452388,0.9144371169454911,0.9470605306765613,0.047058596659232586,0.7918447221026701,0.9948647581040859,0.06136709055863321,0.8346513174474239,0.8708092756569386,0.10741205886006355,0.79235465452075
56,0.9969412859748391,0.01004156464820399,0.9031706101754132,0.9460094974321478,0.050516627071534884,0.7930297343169942,0.9945375435054302,0.07834193389862776,0.8194897398352623,0.8483825549483299,0.12452131509780884,0.7934461198747158
57,0.9969528510290033,0.010570906431359403,0.8955133907935199,0.9452962209196651,0.05336183703997556,0.7939900107243482,0.9947458878159523,0.05965106119401753,0.8291363045573235,0.8604828640818596,0.11037186440080404,0.794415645301342
58,0.9967768332537483,0.010598694248234524,0.9024882088689243,0.9463593223515678,0.05089496985516127,0.7950167007306043,0.9949500001966953,0.06294280057772994,0.8377007097005844,0.8614177294075489,0.10925618559122086,0.795475423336029
59,0.9969537363332861,0.00973409803255516,0.9034117390127743,0.9509928980294395,0.04930038147551172,0.7961206523811116,0.994746271520853,0.07107069483026862,0.8295453898608685,0.8623105362057686,0.11543472437188029,0.7965417467057705
60,0.9969786072478575,0.00939282517441932,0.9006581639542299,0.9496392730404349,0.05029843123081852,0.797097781125237,0.9949564188718796,0.06107384106144309,0.8332248963415623,0.8666599541902542,0.10833103116601706,0.7975079976022243
61,0.996899880030576,0.010446619351997095,0.898703841602101,0.9457817848990945,0.052028481355484796,0.7980776586953331,0.9949411451816559,0.060965650947764516,0.8399726375937462,0.8743763826787472,0.10494580399245024,0.7984956838190556
62,0.9968081747784334,0.009871644721202114,0.9038500294965857,0.9494803880943972,0.04958457729833968,0.7991064839503345,0.9954944215714931,0.0655667963437736,0.8637962006032467,0.8575708493590355,0.1034834859892726,0.7996200360357761
63,0.9970022702918333,0.0094004527610891,0.9051191754200879,0.950550212579615,0.04868163387565052,0.8003220908782062,0.9958721175789833,0.05879394290968776,0.8703400194644928,0.8626687377691269,0.09712598938494921,0.8008301630616188
64,0.9970999675638536,0.008947818238726434,0.9097125705550698,0.9509750797468073,0.047222486423218954,0.8014631236300749,0.9957289583981037,0.06873898673802614,0.8665080778300762,0.85479486733675,0.10463661793619394,0.801934864372015
65,0.9968906185206245,0.010196153663427514,0.8992454409599304,0.950107241378111,0.05103971228441771,0.8025334442363066,0.9946880526840687,0.06366176344454288,0.8259809799492359,0.8505384251475334,0.11531208036467433,0.802877139300108
66,0.9967363722184125,0.010636721614419538,0.9137848580584806,0.9463318674003377,0.04782650597831782,0.8033831522745245,0.9955926537513733,0.06819302262738347,0.8613948598504066,0.8579783774912357,0.10542602417990565,0.8038509674370289
67,0.9970341009252212,0.009820520247825804,0.9098025262355804,0.9506291571785422,0.0476577405763023,0.8044463203233831,0.995387889444828,0.06851327558979392,0.8525546751916409,0.8621679171919823,0.10738075478002429,0.8048068098723888
68,0.9970857343252968,0.009799934252548744,0.9075289035544676,0.9478912896969739,0.048823156448848104,0.8053445132339702,0.9934668876230717,0.07759935548529029,0.7745869755744934,0.8584111928939819,0.13589837355539203,0.8055316843092442
69,0.9969214691835291,0.009011236841187757,0.9032555923742407,0.9536300774882821,0.04853239666451426,0.8057408455540153,0.9955827705562115,0.07012119051069021,0.8603636212646961,0.8563147038221359,0.10706571396440268,0.8061639107763767
70,0.9970387500875136,0.010773709660176845,0.9110029076828676,0.9410594543989967,0.050038264297387176,0.8066739632802851,0.9943338930606842,0.0678031095303595,0.8186401464045048,0.8596525564789772,0.11794534651562572,0.8069647774100304
71,0.9967945691417245,0.01265704763286254,0.8984665064250722,0.9333757845794454,0.05554024688899517,0.8073719143867493,0.9952885061502457,0.043587469263002276,0.8697340711951256,0.878759328275919,0.08686572220176458,0.8078073784708977
72,0.9967387195895699,0.014398467233952354,0.8894420686890098,0.9240217296516194,0.06126146555385169,0.8083890360944411,0.9958296418190002,0.06205049669370055,0.8705238439142704,0.8719336651265621,0.09657254116609693,0.8087509274482727
73,0.9969759004957536,0.010172936517526121,0.9048363864421844,0.9446664136998794,0.050711719757493806,0.8092345420052024,0.9948749393224716,0.07035867543891072,0.8325582072138786,0.8553143441677094,0.11542468518018723,0.8095188811421394
74,0.9968037465039421,0.010332955732284224,0.9052877864416908,0.9479733565274406,0.04956832659595153,0.8098845078664667,0.9953748025000095,0.07341078855097294,0.8512505143880844,0.8580895327031612,0.11101650400087237,0.8102488331496716
75,0.9970762554336997,0.008969172451864271,0.9000582291799433,0.9523574990384719,0.049735477632459474,0.8106181007974288,0.9958830401301384,0.06980243464931846,0.8702978603541851,0.8646045438945293,0.10202319314703345,0.8109779246151447
76,0.9969997949459973,0.009692379054339492,0.9063742441289565,0.9485632794744828,0.04898041793528725,0.8114578951807583,0.9960742555558681,0.07017484400421381,0.8796989098191261,0.8476993590593338,0.10287709999829531,0.8118522725999355
77,0.9970853398827946,0.009614909464931664,0.9075518828981063,0.9475056844599107,0.048627003369962465,0.8123647255056045,0.9945096597075462,0.07540145795792341,0.8188461139798164,0.8526562713086605,0.12254319852218032,0.812581941485405
78,0.9969375115983626,0.009004716295748949,0.9106770806452807,0.9512866244596594,0.04691429578644388,0.8128728375715368,0.9958815425634384,0.06907934555783868,0.8730219639837742,0.8541308902204037,0.10300253098830581,0.8132331632077694
79,0.9969640619614545,0.00914498808903291,0.9015775445629569,0.9553342566770666,0.048558276694487125,0.8136706702849444,0.9950043596327305,0.06439773505553603,0.8383312784135342,0.8613952808082104,0.10971408151090145,0.8139411695301533
80,0.9969693387255949,0.008843077784951995,0.9183261324377621,0.9535432563108557,0.04418293748270063,0.8143136010450476,0.9951211512088776,0.07484752917662263,0.8418951667845249,0.8504130616784096,0.1156858834438026,0.8145770765841007
81,0.9969961555565104,0.010179141289828456,0.9003342354998869,0.9486955176381504,0.05071519501507282,0.8148884720662061,0.9943690374493599,0.07855823636054993,0.8128262795507908,0.8504125848412514,0.12644493579864502,0.8150711134076118
82,0.9968181532971999,0.014941905844299233,0.9087464230902055,0.9249984955086428,0.055809222600039315,0.8153541947112364,0.994023647159338,0.07830826612189412,0.7991268187761307,0.7965071275830269,0.1423520348034799,0.8154980018734932
83,0.9969234203591066,0.014206053565858918,0.9002377864192513,0.9208028877482695,0.05940120667219162,0.8157156968817991,0.9948286823928356,0.06604479486122727,0.8312876857817173,0.8533516079187393,0.11414404399693012,0.8159230425953865
84,0.997165743042441,0.010861444218522486,0.9079928082578322,0.9403001210268807,0.051033224362660855,0.8162345062283909,0.9954398795962334,0.06697718240320683,0.8578765243291855,0.8579829037189484,0.10592861752957106,0.8164885118603706
85,0.9967900952872109,0.010277099729351261,0.9087092157672433,0.9476868299876943,0.048498432206756925,0.8168991418445811,0.9948153086006641,0.07093405351042747,0.8304477259516716,0.8650088496506214,0.11469973716884851,0.8170989379286766
86,0.9970455800785738,0.009528005180661292,0.908604176605449,0.9502837132005131,0.047948961967931074,0.8174350594773012,0.9954994134604931,0.0708893253467977,0.8551876582205296,0.8514913432300091,0.10981513746082783,0.8176740929484367
87,0.9970010326189154,0.00896307549384587,0.9146375638597152,0.9524972105727476,0.04543578164542422,0.8180353168179008,0.9956998415291309,0.07188312709331512,0.8587011732161045,0.8473431840538979,0.10979146044701338,0.8183076158165932
88,0.9969185064820683,0.008509366896332186,0.9187182293218725,0.9564182810923633,0.04321332845617743,0.8186654676409328,0.9954676628112793,0.07349366880953312,0.855162538588047,0.8511549308896065,0.11109746899455786,0.8189118653535843
89,0.9971234167323393,0.00858278856064905,0.9125958733698901,0.9544735445695764,0.04577511384644929,0.8192536532878876,0.995709840208292,0.07219760632142425,0.8644316159188747,0.8533519171178341,0.10707492427900434,0.8195095248520374
90,0.9969294491936179,0.008914315634790589,0.9120893548516666,0.9548979050972882,0.04556305991376147,0.8198565297267016,0.9948804900050163,0.07940301951020956,0.8317933306097984,0.8567116037011147,0.11961990315467119,0.8200434930622578
91,0.9970312136061051,0.009613741107065888,0.9067931631032158,0.9499599232393152,0.048346879398998094,0.8202847014455235,0.9949120469391346,0.07993094576522708,0.8329802714288235,0.8424642644822598,0.12244189996272326,0.8204867765307426
92,0.9970421159968657,0.008322652826523957,0.917463902164908,0.9568631403586444,0.04349590848912211,0.820763589704738,0.9951475039124489,0.07321754144504666,0.8416221253573895,0.8548886515200138,0.11412906181067228,0.820958599448204
93,0.9970506745226243,0.008665328694726615,0.9115568785106435,0.95455402135849,0.04572834600420559,0.8212632817380568,0.9955372735857964,0.06518846936523914,0.8572309799492359,0.8517169505357742,0.10613804357126355,0.8214850202202797
94,0.996905645903419,0.009027122013161288,0.9127894464661094,0.9521207774386686,0.04603253129650565,0.8218074966879452,0.9959271252155304,0.059326777467504144,0.8739365860819817,0.8708594925701618,0.09446795145049691,0.8220809958875179
95,0.9970493491958169,0.009239933042622665,0.9087909950929529,0.9520780707106871,0.04709743686458644,0.8224236947648665,0.9955770187079906,0.061454249545931816,0.8592015095055103,0.8572760820388794,0.10271027591079473,0.8226497620344162
96,0.9970230600413155,0.008712377974434811,0.915318589000141,0.9563142744933858,0.04439594870542779,0.822953520452275,0.9956737533211708,0.07446722825989127,0.8606636039912701,0.8492503203451633,0.11008440563455224,0.8231784626841545
97,0.9971880860188428,0.008264335242154844,0.9139048474676469,0.954662049517912,0.0450762280208223,0.8234900025760427,0.9958149492740631,0.0629688398912549,0.8640051260590553,0.862409733235836,0.1009387020021677,0.8237376548349857
98,0.9970329491531148,0.008106923949740389,0.9139202202067656,0.9581384325728697,0.04412984081050929,0.824035083546358,0.9956094175577164,0.0738838636316359,0.8598606884479523,0.8518283627927303,0.10958045767620206,0.8242404460906982
99,0.9970244765281677,0.008800001047989902,0.9064605271115023,0.9575896491022671,0.04669200267423602,0.8245103218976189,0.9960202798247337,0.061304745730012655,0.8747521005570889,0.8665448538959026,0.0960644455626607,0.8247441723942757
100,0.9970193820841172,0.00836800185360891,0.9158906568499172,0.956509546321981,0.04395857771091601,0.8250860361491933,0.9957626648247242,0.060799237340688705,0.8651829026639462,0.8672710731625557,0.0986086968332529,0.8252948969602585
101,0.9970789569265702,0.008170909713953733,0.9148421199882731,0.9556145755683675,0.04453467829700779,0.8256067370667177,0.9958360567688942,0.06657936191186309,0.868425901979208,0.8535616248846054,0.10309096518903971,0.8258288204669952
102,0.9971001446247101,0.007789465365931392,0.9260072041960323,0.9587650772403268,0.040343860164284706,0.8261477614150328,0.9958565831184387,0.07045471481978893,0.86929627135396,0.8556794188916683,0.10434184176847339,0.8263680078089237
103,0.9970626883647021,0.007860298145233709,0.9166613343883964,0.9591525758014006,0.04331600819440449,0.8266748698318706,0.9959665946662426,0.06873506121337414,0.8725026957690716,0.8536883406341076,0.10305147990584373,0.8268879130482674
104,0.9971379059202531,0.007496899664949845,0.9229011553175309,0.9599577924784493,0.04097148666487021,0.827196420992122,0.9957680441439152,0.06883391086012125,0.8655304498970509,0.8561710454523563,0.10446645971387625,0.8274112492799759
105,0.9969499707221985,0.008249455761602697,0.922275679952958,0.9585191379575169,0.0415492366780253,0.8276977468939388,0.9959860891103745,0.072257025167346,0.8732967972755432,0.8509057052433491,0.10500095132738352,0.8279118724167347
106,0.9970949537613812,0.007683077416218379,0.9174467570641461,0.9587429551517263,0.04281865191810271,0.8282030259861666,0.9957475066184998,0.07066648360341787,0.8648797273635864,0.8522067815065384,0.1063278098590672,0.8284067735075951
107,0.9970670710591709,0.007874042001169394,0.918773402186001,0.95908562225454,0.0425907876342535,0.8286766269627739,0.9956991970539093,0.07082953909412026,0.862428355962038,0.8555222302675247,0.1066648168489337,0.8288444727659225
108,0.997132280293633,0.0075639607110882506,0.9242790288784924,0.9588073141434613,0.0409114807844162,0.8291138796245351,0.9955797530710697,0.0714896209537983,0.8572319224476814,0.8553871959447861,0.10849210247397423,0.8292732089757919
109,0.9970142403069664,0.00821842045030173,0.9225329949575312,0.9601325760869419,0.041378874003010636,0.8295336944215438,0.9958618506789207,0.07062872964888811,0.8693879023194313,0.85460514575243,0.10472781583666801,0.8297264650464058
110,0.9971990725573372,0.007423569763298421,0.9267262535936692,0.960218154332217,0.03999567426302854,0.8299989998340607,0.9959612116217613,0.07193175284191966,0.8730566166341305,0.8522057570517063,0.10462115099653602,0.8302025310695171
111,0.9969786054947797,0.007760732215555275,0.9216745723696316,0.9600147745188545,0.041324790676727015,0.830480191637488,0.995904702693224,0.0731015233322978,0.8704491592943668,0.851195003837347,0.10606520716100931,0.8306577280163765
112,0.9970634842620176,0.007557807572405128,0.9234450704911176,0.9607977481449351,0.0407024304218152,0.8309249457191018,0.99590028449893,0.06840853858739138,0.8704679198563099,0.8548606783151627,0.1030933428555727,0.83110211789608
113,0.9971093640607946,0.007820655975271673,0.9267557070535772,0.9588230550289154,0.04014397248187486,0.8313747241216547,0.9959678202867508,0.07392689632251859,0.8693809024989605,0.8438800573348999,0.10832921555265784,0.8315734341740608
114,0.9971995160860174,0.007851025774417555,0.9232835296322318,0.9577949415234959,0.04134225746726289,0.8318079184083378,0.9957163296639919,0.06892518466338515,0.8639983087778091,0.8575987182557583,0.10473099770024419,0.8319733254611492
115,0.9969209397540373,0.00815071229932501,0.9252326137879315,0.9590619557044086,0.04072256977943813,0.8322110351394204,0.9961047768592834,0.06760916020721197,0.8792529739439487,0.8517204560339451,0.10060403496026993,0.8324071206152439
116,0.9971350256134482,0.007922146373483189,0.9248350174988017,0.9588222188108108,0.04087205187362783,0.8326759601340574,0.9960323460400105,0.06605364801362157,0.8760994225740433,0.8538841344416142,0.1004070620983839,0.8328543491661549
117,0.9970949116875144,0.007621627396849149,0.9247122143997866,0.9588007716571584,0.0408874973654747,0.8331056815736434,0.9959974847733974,0.06941120559349656,0.8748680055141449,0.8517882898449898,0.10302500613033772,0.833285428583622
118,0.9970370706389932,0.007656430798199247,0.930059881771312,0.9613833024221308,0.03873176554984906,0.8335565240944133,0.9960222616791725,0.07237475318834186,0.8736466653645039,0.8508982472121716,0.10485211201012135,0.8337284326553345
119,0.9972324932322782,0.007532308740979608,0.9220090280560886,0.9589709937572479,0.041181846357443756,0.8339613728663501,0.9959308058023453,0.06755570974200964,0.8715110830962658,0.8542014136910439,0.10234698001295328,0.8341204859316349
120,0.9969407986192143,0.00798919320325641,0.9213238498743843,0.9609185439698836,0.04113256136941559,0.8343878546181847,0.9959509558975697,0.06863181665539742,0.8722606860101223,0.8510190024971962,0.10329182585701346,0.8345523774623871
121,0.9972180513774648,0.007455066531239187,0.9209930283181808,0.9581529287730947,0.04193480970228419,0.834769804688061,0.9961724914610386,0.06614947505295277,0.8814706280827522,0.8536695204675198,0.09892989974468946,0.8349360749125481
122,0.9970240803325877,0.007714553736150265,0.9231691202696632,0.9610869726713966,0.04081625447553747,0.8351946350406197,0.9956178106367588,0.07514230208471417,0.8547790497541428,0.8450840450823307,0.11299706995487213,0.8353242985904217
123,0.9971376885386074,0.007691342972547692,0.9151182455175063,0.9592974028166603,0.043380757903351504,0.8355096911682802,0.9956997521221638,0.0748563907109201,0.8630034103989601,0.8499999977648258,0.10943071264773607,0.8356458805501461
124,0.997039819464964,0.008011307444094735,0.9292824408587288,0.9591001079362982,0.0397284319076468,0.835863157230265,0.9958544000983238,0.07170184561982751,0.8648375459015369,0.8448197804391384,0.1083923215046525,0.8360250778496265
125,0.9969965570113238,0.007548394311657723,0.9220336868482477,0.9607877310584573,0.04093678010737195,0.8362187497756061,0.9956257119774818,0.07107621058821678,0.8578564487397671,0.8548118025064468,0.10807035397738218,0.8363301455974579
126,0.9970563492354225,0.007979258730569306,0.9222956247189465,0.961237535757177,0.04100864523035638,0.8365204334259033,0.9957725591957569,0.07138368720188737,0.8639852590858936,0.852729145437479,0.10693597607314587,0.8366478569805622
127,0.9972398579120636,0.00705224956276224,0.9238558919990764,0.9598348929601557,0.04054887921494596,0.8368497631129097,0.9958795644342899,0.07477818289771676,0.870371900498867,0.8470083884894848,0.10782793397083879,0.8369855359196663
128,0.9971114922972286,0.007859705974731375,0.9222261309623718,0.9592294955954832,0.04152038687949672,0.8371820555013769,0.9958676919341087,0.07026148354634643,0.869477890431881,0.8521848917007446,0.1047152983956039,0.8373231440782547
129,0.9970922137007994,0.007727865006445962,0.9233977005762213,0.959858726052677,0.04107770006008008,0.8375298854182748,0.9957449585199356,0.07056959345936775,0.8629087880253792,0.8526373542845249,0.10686335247009993,0.837648157030344
130,0.9970494350966286,0.008072523660409977,0.9227305510464836,0.9606799465768477,0.041297594742739904,0.8378530302468468,0.9958533830940723,0.0701454496011138,0.8691786974668503,0.8506208620965481,0.1051986045204103,0.8379955254495144
131,0.9970836043357849,0.007054093964945744,0.9274919103173649,0.9614294627133537,0.03928388534661602,0.8381981919793522,0.9958475455641747,0.07137914001941681,0.868450716137886,0.8501568250358105,0.10608688462525606,0.8383221998810768
132,0.9971547968247357,0.0072709851186065115,0.923717621494742,0.960845898179447,0.04044969916781958,0.8385125030489529,0.9959745891392231,0.07102989219129086,0.8733610287308693,0.8500086069107056,0.10449359240010381,0.8386425673961639
133,0.997054620700724,0.007673443171798307,0.9294987653984743,0.9598257313756382,0.03897865615127718,0.8388568531064426,0.995971105992794,0.07055863225832582,0.8732931651175022,0.850582093000412,0.10416061850264668,0.8389975279569626
134,0.9969528036959031,0.008113518836634123,0.9243714914602392,0.9601808120222652,0.040724107502576185,0.839211758445291,0.9959868527948856,0.07117167161777616,0.8739575073122978,0.8501120060682297,0.10433739796280861,0.8393419273197651
135,0.9973355040830725,0.006933451246689348,0.9255833415424123,0.9604013071340674,0.03995547662763035,0.8395372997311985,0.9959385208785534,0.0704639139585197,0.8717098869383335,0.8513496853411198,0.10444421926513314,0.8396623656153679
136,0.9972265082247117,0.007421421174726942,0.9270660438958336,0.960773781818502,0.039729208411539305,0.8398567315410165,0.9960222691297531,0.0702233538031578,0.8739419095218182,0.8520938754081726,0.10350492782890797,0.8399731367826462
137,0.9969408371869255,0.0075643930638975955,0.9282657241120058,0.9605991191723767,0.039344808196320254,0.84017933642163,0.9959471859037876,0.07059684861451387,0.8721803762018681,0.8509440757334232,0.10440650302916765,0.8403059728443623
138,0.9971102002788993,0.007354557377231472,0.9252512525109684,0.9606998352443471,0.04019387241672067,0.8404903972850126,0.9959240145981312,0.06971265049651265,0.8710378743708134,0.8521514534950256,0.10414428170770407,0.8406095877289772
139,0.9971369329620811,0.007191243512994226,0.9317896664142609,0.9606767524691189,0.03815486983341329,0.8408023136503556,0.9960151091217995,0.06937730824574828,0.8736757934093475,0.8527294397354126,0.10300862323492765,0.8409315049648285
140,0.9971216794322518,0.007592004052746822,0.929096428787007,0.9610192390049205,0.03899021479575073,0.8411150872707367,0.9960242323577404,0.07180783804506063,0.8702084049582481,0.8460244201123714,0.10660706926137209,0.8412517458200455
141,0.9972066511126125,0.007319034542888403,0.9244635192786946,0.9605405085227069,0.04047844810959171,0.8414153684588039,0.9959519952535629,0.06942204805091023,0.8722584769129753,0.8526374474167824,0.10347414063289762,0.8415264450013638
142,0.9970753648701836,0.007079469026340281,0.9301436490872327,0.9620466109584359,0.038178185987121915,0.8417103623642641,0.9959452971816063,0.0703762131743133,0.8720957078039646,0.8517845869064331,0.1041626506485045,0.8418271690607071
143,0.9971415926428402,0.007608276408384828,0.9231587963945725,0.9601213265867794,0.04086954223320765,0.842005498269025,0.9960014335811138,0.07110378984361887,0.8746568262577057,0.850545845925808,0.10399584379047155,0.8421182222664356
144,0.9969993496642393,0.007600318435031702,0.9274887319873361,0.9601299710133496,0.03950754695517175,0.8423044313402737,0.9960306361317635,0.06907806731760502,0.8756518661975861,0.8521760180592537,0.10230763768777251,0.8424245789647102
145,0.9969711619264939,0.007985117078265724,0.9272331262336058,0.9603278882363263,0.039808761328458786,0.8426040165564593,0.9960276298224926,0.069074553437531,0.8752612434327602,0.8524134233593941,0.10239701205864549,0.8427223935723305
146,0.9971055055365843,0.007622876738691155,0.9285781523760628,0.960768049254137,0.039193309953107554,0.8429048674948075,0.9960136823356152,0.06984137510880828,0.8747831247746944,0.851890791207552,0.10306912288069725,0.8430170901119709
147,0.9972914930652169,0.007271672010093051,0.924838562222088,0.9593736424165613,0.04056287688367507,0.8431868553161621,0.9959647953510284,0.0702002914622426,0.8728338330984116,0.8518066629767418,0.10388235002756119,0.8432888090610504
148,0.9971378620933083,0.0072518586427630745,0.9270681791445788,0.9613671583287856,0.03945223318741602,0.8434504217961255,0.9959673546254635,0.0700762327760458,0.8727969229221344,0.8517610505223274,0.10384701332077384,0.8435526341199875
149,0.9970399491927203,0.00733052528298953,0.9270912303644068,0.9621451900285833,0.03913206048309803,0.8437239369925331,0.9960164204239845,0.06952868727967143,0.8751338310539722,0.8515446670353413,0.1028143404982984,0.843833465129137
150,0.9971517797778634,0.007283820647417623,0.9246345530537998,0.9596756170777714,0.04051615122486563,0.8440058546907762,0.996058713644743,0.07157397409901023,0.8679851777851582,0.841214295476675,0.10808612080290914,0.8441195823252201
151,0.9970616715795854,0.007562044021837851,0.9260859454379362,0.9598934142028585,0.04018056743285235,0.8442483737188227,0.995944656431675,0.07028238102793694,0.8721782118082047,0.8519081808626652,0.10407931404188275,0.8443447537720203
152,0.9971383950289558,0.007540537427891703,0.9239688059862923,0.9603313172564787,0.04055984131991863,0.8445014340036056,0.9959704540669918,0.07038242975249887,0.8732245676219463,0.8515978716313839,0.10388678452000022,0.8446061015129089
153,0.99712314675836,0.0076002307263586455,0.9254368561155656,0.9602324015953961,0.040293056736974156,0.844769546214272,0.9959906116127968,0.07077107904478908,0.8740670457482338,0.8507963381707668,0.10396131128072739,0.844880472868681
154,0.9970796721823075,0.007663666530895759,0.9291641869965721,0.9601337103282704,0.03911618482978905,0.845035170807558,0.9960192516446114,0.07123803300783038,0.8751163817942142,0.8499021716415882,0.10397057561203837,0.84514294937253
155,0.9971998281338635,0.007304454619503196,0.9257469773292542,0.9603073281400344,0.04001375413773691,0.8452932606725132,0.9960266873240471,0.07008150545880198,0.8753182515501976,0.8510523997247219,0.10312308371067047,0.8453950062394142
156,0.9972159652148976,0.0072305033202557005,0.9249251362155465,0.960833819473491,0.04010874180890182,0.8455473254708683,0.9960290342569351,0.06880514975637197,0.8754818812012672,0.8523443564772606,0.10214279824867845,0.8456454314291477
157,0.9969527213012471,0.007493988377973437,0.9294699693427366,0.960890647243051,0.038753915906828994,0.8458050927695107,0.9960341304540634,0.06930743856355548,0.8758604861795902,0.8519483804702759,0.10234202211722732,0.8459107838571072
158,0.9970006381764132,0.007632229367599767,0.9308595324263853,0.9615111894467298,0.038395461407216155,0.8460714957293343,0.9960167966783047,0.06995390402153134,0.8751319050788879,0.8515645675361156,0.10293181287124753,0.8461670465767384
159,0.9971222632071551,0.0077170625548152365,0.9275880175478318,0.9611018019564012,0.03963072340497199,0.846321149783976,0.9960492961108685,0.07085362542420626,0.8712482303380966,0.846736665815115,0.1055441414937377,0.8464208617806435
160,0.9972175166887396,0.007339645081254489,0.9207805570434121,0.9612179047921124,0.04146602695040843,0.8465454105068656,0.995979405939579,0.07022713823243976,0.8732451125979424,0.8517179898917675,0.10374117502942681,0.8466326035559177
161,0.9971737686325522,0.007051322198308566,0.9267861352247351,0.9611669726231519,0.039341821554390824,0.8467764153200037,0.9959895834326744,0.07060070242732763,0.8739178404211998,0.8513606674969196,0.10375225078314543,0.8468691185116768
162,0.9972276214291068,0.007117828203584342,0.9276106410166797,0.9606191866538104,0.03931151374297984,0.8470119132715113,0.9959718622267246,0.07071961322799325,0.8733540996909142,0.8511979952454567,0.104008914437145,0.8470981642603874
163,0.9969831705093384,0.00734244378776673,0.9292937201612136,0.961401699220433,0.03863940114045844,0.8472416208070868,0.9959886334836483,0.07075003953650594,0.8737787455320358,0.8513357304036617,0.10389282321557403,0.8473362289369106
164,0.9969797555138084,0.007603240706136122,0.9277883207096773,0.9609169591875637,0.03934001232333043,0.8474821500918445,0.9960531555116177,0.07051813323050737,0.8716395497322083,0.8470154069364071,0.10524302627891302,0.8475860096514225
165,0.9971505438580233,0.007552480530541609,0.9254919220419491,0.9600342582253849,0.04030250626451829,0.8477079237208647,0.9959783516824245,0.06965449545532465,0.8733364902436733,0.8520995639264584,0.10333273699507117,0.8477936685085297
166,0.9970675180940067,0.007823488743537488,0.9265676771893221,0.9594009991954354,0.040018251823151815,0.8479301298365873,0.9960006959736347,0.06921189883723855,0.8730269446969032,0.85296331346035,0.10300715081393719,0.8480090238153934
167,0.9971825427868787,0.007245115593404454,0.9263922116335701,0.9617953212822185,0.03951808339094415,0.8481450326302472,0.9960239492356777,0.07047375850379467,0.8753638043999672,0.8506898544728756,0.10333958826959133,0.8482210598886013
168,0.9971664968658897,0.006874654428375994,0.9304210999432732,0.961657150703318,0.038284114068921876,0.8483582875307869,0.9960936531424522,0.07186899008229375,0.869062140583992,0.8408908657729626,0.10788812953978777,0.8484576232731342
169,0.997262551504023,0.007113330833175603,0.9240571856498718,0.9615179931416231,0.040102022480877006,0.8485564975177541,0.9960052147507668,0.07002263283357024,0.8745583593845367,0.8508883789181709,0.10332024935632944,0.8486336655914783
170,0.9970101608949549,0.007326013942742173,0.928464396911509,0.9606655590674457,0.03896151559756083,0.848766977296156,0.9959973953664303,0.070059550460428,0.874171543866396,0.8509870059788227,0.10345489857718349,0.8488577231764793
171,0.9970917701721191,0.0074321593651000195,0.9269076498115764,0.9605504940537846,0.03961552449447267,0.8489858332802268,0.99606803804636,0.06952624255791306,0.8760208152234554,0.85163439437747,0.10244767554104328,0.8490687534213066
172,0.9971887942622689,0.0073358114014434464,0.929475675610935,0.961419131825952,0.03880779499955037,0.8492023716954624,0.9960328154265881,0.06974801607429981,0.8758094385266304,0.8506843596696854,0.10287962667644024,0.849278349429369
173,0.9970734136946061,0.0075722236788886435,0.9298557113198673,0.9609153866767883,0.03890181825879742,0.8494152829927557,0.9959044381976128,0.07079696003347635,0.870481114834547,0.8509079627692699,0.10495382314547896,0.8494883961975574
174,0.9970878660678864,0.007555759936461554,0.9268707843387828,0.9599382404018851,0.039940702564576096,0.8496027974521413,0.9959283471107483,0.07216887455433607,0.8665676862001419,0.845908410847187,0.10780339175835252,0.8496788516640663
175,0.9971514309153837,0.007340357118450543,0.929620763834785,0.9606810054358315,0.038840782719061655,0.8497863394372603,0.9959486983716488,0.07070950698107481,0.8726716078817844,0.850687313824892,0.1042874539270997,0.8498663641512394
176,0.9972053696127499,0.006993290283443297,0.9246511617127586,0.9614976872416103,0.04015235427547904,0.8499826631125282,0.9959471896290779,0.06974763050675392,0.8724737949669361,0.8515496216714382,0.10366466734558344,0.850049939006567
177,0.9970614945187288,0.007796970291939729,0.9261513825725106,0.9608717473114238,0.04003290903261479,0.8501712872701532,0.995942197740078,0.07049717986956239,0.8720432594418526,0.851294357329607,0.10428637033328414,0.8502439074218273
178,0.9970145506017348,0.007751660777584594,0.9269880950450897,0.9617028061081382,0.03940015943611369,0.8503651759203743,0.9959487803280354,0.07089633774012327,0.8721585012972355,0.8509883619844913,0.10455102659761906,0.8504380583763123
179,0.9972038619658526,0.007395346963997273,0.9264400583856246,0.9609910372425529,0.039557969416765607,0.8505570011980393,0.9959762021899223,0.07118252757936716,0.873522013425827,0.8506256714463234,0.10430037369951606,0.8506298325955868
180,0.9971893692717833,0.007345449467025259,0.9282967939096338,0.9605135584578794,0.03927817086086554,0.8507477781351875,0.9959438070654869,0.07140699168667197,0.8720854669809341,0.850970733910799,0.10479105822741985,0.8508181273937225
181,0.9971628171556136,0.007323392571004874,0.9264998961897457,0.9610834577504326,0.039580647997996384,0.8509343739818124,0.995970644056797,0.07069509336724877,0.8730333186686039,0.8510056249797344,0.10417510662227869,0.8510032072663307
182,0.9970489074202145,0.007457893807440996,0.928694420001086,0.9621947898584253,0.038805537199711096,0.8511224248830009,0.99601811170578,0.07065169746056199,0.8749723508954048,0.8506934233009815,0.10352692240849137,0.8512011431157589
183,0.9971265582477346,0.0071464442401467,0.9265335149624768,0.9617805551080143,0.03963853884488344,0.8513117695555967,0.9960416741669178,0.07050032168626785,0.8746310770511627,0.8520701117813587,0.10333294747397304,0.8513736687600613
184,0.9971283796955558,0.00738738796345013,0.9227751931723427,0.960722441182417,0.04090014275382547,0.851497949922786,0.9959798753261566,0.07029909454286098,0.8734988532960415,0.8513998799026012,0.1036929958499968,0.8515588268637657
185,0.9970445159603568,0.007467857205911595,0.9272698339293984,0.9617253892561969,0.039432055316865444,0.851680231444976,0.9960319586098194,0.06981580657884479,0.8745168522000313,0.852393414825201,0.10297559108585119,0.8517479076981544
186,0.9971098987495198,0.00723970026763923,0.9278722598272211,0.961104319376104,0.03930321346749278,0.8518639399724848,0.995987705886364,0.0712359887547791,0.8736586160957813,0.8508108928799629,0.10426783887669444,0.8519356548786163
187,0.9971564377055449,0.006877483964404639,0.9289873855955461,0.9620077487300424,0.03845859428538995,0.852046449394787,0.9959949515759945,0.07250156858935952,0.8688335791230202,0.8456924371421337,0.10735686030238867,0.8521190844476223
188,0.9970996590221629,0.007536347366540748,0.9271320350029889,0.9605667538502637,0.03976371073547531,0.8522140348658842,0.9959562309086323,0.07122113881632686,0.8722747713327408,0.8507090844213963,0.10465440852567554,0.8522805795073509
189,0.9971306884990019,0.00766588668065036,0.9236711947356954,0.9609222569886375,0.04053684280199163,0.8523823338396409,0.99598778039217,0.07069548266008496,0.8736924417316914,0.8509115986526012,0.10392572544515133,0.8524522371590137
190,0.9971785527818343,0.007204344194820698,0.9289535774904139,0.9602516083156362,0.039175430093618,0.8525556098012363,0.9959700740873814,0.0712718553841114,0.8728638365864754,0.8508773781359196,0.10448353551328182,0.8526138104498386
191,0.9970633966081283,0.007124675766510122,0.9297004254425273,0.9617466681143817,0.038635350435095674,0.8527253480518565,0.9960165172815323,0.0697225364856422,0.8735817261040211,0.8527172207832336,0.10308690834790468,0.8527852781116962
192,0.9971890151500702,0.007413604885668439,0.9273742840570562,0.9610154260607326,0.039561830351457876,0.8528910559766433,0.9960151873528957,0.06962031964212656,0.8737164214253426,0.8527099080383778,0.10299493046477437,0.8529464863240719
193,0.9971101599581101,0.007663054966970402,0.9245388104635126,0.9596796176012825,0.04056961429031456,0.8530535995960236,0.9959985129535198,0.07028609793633223,0.8741081841289997,0.8512368313968182,0.10348864831030369,0.8531123138964176
194,0.9971401691436768,0.00730333714198102,0.9232254659428316,0.961307027760674,0.04076250993153628,0.8532175912576563,0.9960039928555489,0.06992634432390332,0.8745752796530724,0.8515243902802467,0.10310231521725655,0.853273905813694
195,0.997083034585504,0.007309262955780415,0.9325046241283417,0.9610959063558018,0.03792529218994519,0.8533884549842161,0.996016226708889,0.06928128423169255,0.8752732016146183,0.8519625067710876,0.10246970690786839,0.8534579314291477
196,0.997114418184056,0.007794652298531111,0.9252087824484881,0.9598036320770488,0.040578418027828723,0.853561075294719,0.9960166998207569,0.06951960828155279,0.8738376386463642,0.8527874313294888,0.10283992765471339,0.8536167629063129
197,0.9970951308222378,0.00719207784106188,0.9275940726785099,0.9616589178057278,0.03902644642135676,0.8537246269338271,0.9959941953420639,0.07007413264364004,0.8744105622172356,0.8510608784854412,0.10336831165477633,0.8537889681756496
198,0.9972187578678131,0.0074401285554118015,0.9204382686054006,0.9603563529603621,0.04180157951572362,0.8538890375810511,0.9959672428667545,0.07087265094742179,0.8716698698699474,0.8517591096460819,0.10447350842878222,0.8539351671934128
199,0.9970108253114364,0.007738368339179193,0.9308354977299186,0.9618440393139335,0.038441056166501605,0.8540367326315712,0.99596206843853,0.07101808814331889,0.8730514273047447,0.8505577705800533,0.10431882319971919,0.8540953919291496
